5000    14823
10000    11840
15000    11250
20000    10013
25000    9151
30000    9096
35000    9044
40000    8907
45000    8627
50000    8591
55000    8536
60000    8483
65000    8483
70000    8346
75000    8338
80000    8338
85000    8227
90000    8227
95000    8227
100000    8227
105000    8227
110000    8227
115000    8227
120000    8227
125000    8227
130000    8227
135000    8227
140000    8227
145000    8227
150000    8227
155000    8227
160000    8227
165000    8227
170000    8227
175000    8227
180000    8227
185000    8227
190000    8227
195000    8227
200000    8227
205000    8227
210000    8227
215000    8227
220000    8227
225000    8227
230000    8227
235000    8227
240000    8227
245000    8227
250000    8227
255000    8227
260000    8227
265000    8227
270000    8227
275000    8227
280000    8227
285000    8227
290000    8227
295000    8227
300000    8227
305000    8227
310000    8227
315000    8227
320000    8227
325000    8227
330000    8227
335000    8227
340000    8227
345000    8227
350000    8227
355000    8227
360000    8227
365000    8227
370000    8227
375000    8227
380000    8227
385000    8227
390000    8227
395000    8227
400000    8227
405000    8227
410000    8227
415000    8227
420000    8227
425000    8227
430000    8227
435000    8227
440000    8227
445000    8227
450000    8227
455000    8227
460000    8227
465000    8227
470000    8227
475000    8227
480000    8227
485000    8227
490000    8227
495000    8227
500000    8227
